4686
0 0 0 7
0 8 0 17
0 18 0 25
0 26 1 31
0 32 0 43
0 44 0 55
0 56 0 66
0 67 0 76
0 77 0 86
0 87 0 96
0 97 0 107
0 108 0 116
0 117 0 126
0 127 0 135
0 136 0 143
0 144 0 151
0 152 0 163
0 164 0 171
0 172 0 181
0 182 1 187
0 188 0 198
0 199 0 206
0 207 0 215
0 216 1 221
0 222 0 231
0 232 0 240
0 241 0 249
1 0 1 9
1 10 1 21
1 22 3 25
1 32 1 41
1 42 1 49
1 50 1 61
1 62 1 69
1 71 2 76
1 77 1 88
1 89 1 98
1 99 1 107
1 108 1 115
1 116 1 125
1 126 2 131
1 132 1 141
1 142 1 153
1 154 1 163
1 164 2 169
1 170 1 178
1 179 4 181
1 188 3 191
1 192 4 194
1 195 6 196
1 197 6 198
1 199 1 209
1 210 2 215
1 222 1 230
1 231 1 240
1 241 2 246
1 247 4 249
2 0 3 5
2 6 5 8
2 9 2 19
2 20 7 21
2 26 2 34
2 35 2 43
2 44 2 52
2 53 2 61
2 62 3 67
2 68 7 69
2 77 2 84
2 85 2 95
2 96 2 103
2 104 2 111
2 112 2 119
2 120 3 125
2 132 2 142
2 143 2 152
2 153 2 162
2 163 11 163
2 170 4 173
2 174 4 177
2 178 12 178
2 182 3 187
2 199 2 208
2 209 13 209
2 216 2 224
2 225 2 233
2 234 3 239
2 240 9 240
3 9 3 18
3 19 12 19
3 26 3 34
3 35 3 46
3 47 3 55
3 56 4 61
3 70 3 81
3 82 3 89
3 90 3 101
3 102 3 111
3 112 3 119
3 126 3 135
3 136 4 141
3 142 3 150
3 151 3 160
3 161 8 162
3 164 4 169
3 199 4 204
3 205 5 208
3 210 3 220
3 221 3 231
3 232 6 233
3 241 5 244
3 245 6 246
4 0 5 5
4 9 4 16
4 17 9 18
4 22 4 32
4 33 4 42
4 43 4 53
4 54 8 55
4 62 5 67
4 70 4 80
4 81 12 81
4 82 7 84
4 85 4 95
4 96 5 101
4 102 4 113
4 114 5 119
4 120 4 131
4 132 5 135
4 142 4 151
4 152 5 157
4 158 6 160
4 182 4 191
4 210 4 218
4 219 4 228
4 229 7 231
4 234 6 237
4 239 12 239
5 9 6 14
5 15 9 16
5 22 5 32
5 33 5 41
5 42 6 47
5 48 8 50
5 51 7 53
5 56 6 61
5 70 5 78
5 79 9 80
5 85 5 94
5 95 14 95
5 102 5 113
5 120 5 131
5 136 5 144
5 145 6 150
5 151 14 151
5 164 5 171
5 172 6 177
5 179 5 187
5 188 6 193
5 194 12 194
5 199 6 204
5 210 5 217
5 218 5 227
5 228 14 228
5 247 12 247
5 248 15 248
5 249 14 249
6 0 6 8
6 22 6 31
6 32 6 40
6 41 14 41
6 62 7 67
6 71 8 74
6 75 8 78
6 85 6 92
6 93 10 94
6 96 8 99
6 100 7 105
6 106 6 116
6 117 6 124
6 125 6 133
6 134 7 139
6 140 8 143
6 144 13 144
6 152 7 157
6 164 7 169
6 170 9 171
6 179 6 187
6 205 7 208
6 210 7 215
6 216 7 221
6 222 8 225
6 226 9 227
6 241 8 244
7 0 7 8
7 9 8 14
7 22 7 30
7 31 7 38
7 39 10 40
7 42 9 45
7 46 12 47
7 56 8 61
7 70 18 70
7 85 8 90
7 91 15 91
7 92 15 92
7 106 7 115
7 116 7 125
7 126 7 133
7 145 8 150
7 158 17 158
7 160 18 160
7 172 8 177
7 179 7 187
7 188 8 193
7 195 8 200
7 201 9 204
7 232 8 237
7 238 18 238
7 245 10 246
8 0 8 7
8 20 8 30
8 31 8 38
8 51 10 53
8 62 9 67
8 68 12 69
8 82 10 84
8 100 8 110
8 111 8 119
8 120 8 127
8 128 8 135
8 136 11 138
8 139 15 139
8 152 11 154
8 155 11 157
8 164 9 169
8 179 9 184
8 185 10 187
8 205 10 208
8 210 8 219
8 220 19 220
8 221 18 221
8 229 18 229
8 230 12 231
9 0 10 5
9 6 9 13
9 20 9 27
9 28 9 36
9 37 13 38
9 48 11 50
9 54 10 59
9 60 13 61
9 71 10 76
9 77 12 78
9 85 10 90
9 96 10 101
9 102 9 111
9 112 9 119
9 120 9 130
9 131 10 135
9 140 11 143
9 145 11 148
9 149 19 149
9 150 17 150
9 161 13 162
9 172 10 177
9 188 10 193
9 195 10 200
9 210 9 217
9 218 12 219
9 222 10 225
9 232 10 237
9 241 12 243
9 244 17 244
10 6 10 13
10 14 12 17
10 20 10 31
10 32 11 36
10 42 13 44
10 45 17 45
10 62 11 67
10 79 14 80
10 102 10 109
10 110 10 121
10 122 11 127
10 128 12 130
10 159 21 159
10 164 11 169
10 170 18 170
10 171 20 171
10 179 11 184
10 201 12 204
10 210 12 213
10 214 11 217
10 240 18 240
11 0 11 9
11 10 13 13
11 18 22 18
11 20 11 28
11 29 14 31
11 39 16 40
11 51 11 58
11 59 21 59
11 71 12 76
11 82 11 89
11 90 18 90
11 93 20 93
11 94 20 94
11 96 11 106
11 107 11 118
11 119 16 120
11 121 20 121
11 131 12 135
11 172 12 177
11 185 11 193
11 195 12 200
11 205 12 208
11 222 12 227
11 232 12 237
11 245 15 246
12 0 12 7
12 8 16 9
12 20 12 28
12 32 14 35
12 36 21 36
12 48 13 53
12 54 13 58
12 62 13 67
12 82 13 87
12 88 15 89
12 96 12 104
12 105 12 112
12 113 13 118
12 122 13 127
12 136 14 138
12 140 14 143
12 145 14 148
12 152 13 157
12 163 13 168
12 169 20 169
12 179 12 186
12 187 13 192
12 193 20 193
12 214 13 217
13 0 13 7
13 14 15 17
13 19 13 27
13 46 17 47
13 68 17 69
13 71 14 76
13 77 22 77
13 81 21 81
13 96 13 103
13 104 13 112
13 128 13 135
13 172 13 181
13 182 15 185
13 186 22 186
13 194 13 203
13 204 14 208
13 210 15 213
13 218 18 219
13 222 16 224
13 225 17 226
13 230 13 237
13 239 21 239
13 241 15 243
13 247 20 247
14 0 15 5
14 6 17 7
14 10 16 13
14 19 14 27
14 37 19 38
14 42 16 44
14 48 14 55
14 56 17 58
14 60 15 65
14 66 19 67
14 82 15 87
14 96 15 101
14 102 14 112
14 113 15 118
14 122 14 129
14 130 15 135
14 144 23 144
14 152 17 154
14 155 17 157
14 161 16 164
14 165 21 165
14 166 24 166
14 168 24 168
14 172 15 177
14 178 15 181
14 187 15 192
14 194 16 197
14 198 16 201
14 202 18 203
14 214 16 217
14 230 14 237
15 19 15 29
15 30 16 35
15 41 22 41
15 48 16 53
15 54 19 55
15 71 17 74
15 75 20 76
15 78 26 78
15 79 19 80
15 95 25 95
15 102 15 109
15 110 20 111
15 112 22 112
15 122 16 127
15 128 19 129
15 136 20 137
15 138 24 138
15 140 16 143
15 145 17 148
15 151 22 151
15 204 16 209
15 227 18 228
15 230 16 235
15 236 19 237
15 249 23 249
16 0 17 5
16 14 18 17
16 19 16 29
16 60 18 63
16 65 23 65
16 82 24 82
16 83 19 85
16 86 26 86
16 87 19 89
16 91 21 92
16 96 16 107
16 108 19 109
16 113 17 118
16 130 19 132
16 133 19 135
16 139 25 139
16 167 27 167
16 172 16 179
16 180 17 185
16 187 18 190
16 191 20 192
16 210 18 213
16 241 18 243
16 245 20 246
16 248 23 248
17 8 18 13
17 19 17 26
17 27 17 34
17 35 25 35
17 39 20 40
17 42 19 44
17 48 18 53
17 64 28 64
17 96 17 107
17 119 20 120
17 122 18 127
17 140 18 143
17 161 19 164
17 172 18 177
17 178 20 179
17 194 18 199
17 200 21 201
17 204 18 209
17 214 19 217
17 222 20 224
17 230 18 235
18 0 19 5
18 6 26 6
18 7 29 7
18 19 18 26
18 27 18 34
18 45 20 47
18 56 21 58
18 71 21 73
18 74 25 74
18 96 18 103
18 104 20 107
18 113 19 118
18 145 20 148
18 150 25 150
18 152 19 157
18 158 25 158
18 180 19 185
18 225 22 226
18 244 27 244
19 8 20 13
19 14 21 17
19 19 19 26
19 27 19 34
19 48 20 53
19 60 22 62
19 63 29 63
19 68 22 70
19 96 20 101
19 102 30 102
19 122 20 127
19 140 22 142
19 143 27 143
19 160 26 160
19 172 20 177
19 187 21 190
19 194 28 194
19 195 21 198
19 199 26 199
19 202 19 210
19 211 21 213
19 218 26 218
19 221 27 221
19 227 20 232
19 233 22 235
19 238 28 238
19 240 22 242
19 243 29 243
20 0 21 5
20 19 20 28
20 29 21 34
20 37 24 38
20 42 22 44
20 54 23 55
20 66 23 67
20 79 24 80
20 83 22 85
20 87 22 90
20 103 31 103
20 108 23 109
20 113 21 118
20 128 21 133
20 135 29 135
20 149 28 149
20 152 24 153
20 154 22 157
20 161 22 164
20 180 21 185
20 202 21 207
20 208 22 210
20 214 22 217
20 219 24 220
20 236 24 237
21 8 22 13
21 19 21 26
21 27 25 28
21 39 25 40
21 45 22 50
21 51 25 52
21 53 29 53
21 75 24 76
21 93 25 94
21 96 22 101
21 104 23 107
21 110 26 111
21 119 21 127
21 136 25 137
21 145 23 148
21 169 21 176
21 177 26 178
21 179 28 179
21 191 23 193
21 222 23 224
21 227 22 232
21 245 23 247
22 0 23 5
22 14 24 17
22 19 23 24
22 25 25 26
22 29 23 34
22 36 29 36
22 56 25 58
22 59 30 59
22 71 27 72
22 73 29 73
22 91 26 92
22 113 22 120
22 121 22 130
22 131 24 134
22 159 31 159
22 165 30 165
22 169 25 171
22 172 24 175
22 176 30 176
22 180 23 185
22 187 24 190
22 195 26 196
22 197 31 197
22 200 23 205
22 206 26 207
22 211 24 213
22 239 29 239
23 8 24 13
23 18 32 18
23 41 23 48
23 49 27 50
23 60 25 62
23 68 31 68
23 69 28 70
23 77 31 77
23 84 32 84
23 85 31 85
23 87 25 90
23 96 24 101
23 112 25 115
23 116 24 121
23 122 25 125
23 126 24 130
23 140 26 142
23 154 32 154
23 155 26 157
23 161 25 164
23 186 33 186
23 208 25 210
23 214 25 217
23 225 23 233
23 234 28 235
23 240 28 241
24 0 25 5
24 19 25 24
24 29 25 34
24 41 25 46
24 47 27 48
24 54 28 55
24 65 27 67
24 104 25 109
24 144 25 148
24 151 35 151
24 180 25 185
24 191 26 193
24 198 35 198
24 200 25 205
24 222 24 229
24 230 25 233
24 242 35 242
24 245 26 248
24 249 34 249
25 8 25 16
25 17 36 17
25 37 30 38
25 75 29 76
25 79 26 83
25 96 26 101
25 116 26 121
25 126 26 131
25 132 27 134
25 138 33 138
25 152 29 153
25 166 34 166
25 168 33 168
25 172 27 175
25 187 26 190
25 211 28 213
25 219 29 220
25 222 25 229
25 236 30 237
26 0 27 5
26 8 26 15
26 16 34 16
26 19 27 24
26 25 26 33
26 34 36 34
26 39 27 44
26 45 30 46
26 51 31 52
26 56 29 58
26 60 31 61
26 74 37 74
26 87 28 90
26 93 28 95
26 104 27 109
26 112 28 115
26 122 28 125
26 136 31 137
26 139 35 139
26 144 29 146
26 147 31 148
26 150 34 150
26 161 30 162
26 163 31 164
26 169 29 171
26 180 28 183
26 184 31 185
26 200 29 202
26 203 31 204
26 205 33 205
26 208 29 210
26 214 28 217
26 222 26 229
26 230 27 233
27 6 34 6
27 8 27 15
27 25 28 30
27 31 29 33
27 78 28 83
27 91 31 92
27 96 28 101
27 110 32 111
27 116 28 121
27 126 28 131
27 140 30 142
27 155 29 158
27 177 30 178
27 187 28 192
27 193 35 193
27 195 38 195
27 196 38 196
27 206 30 207
27 218 35 218
27 222 28 227
27 228 31 229
27 245 29 248
28 0 29 5
28 8 28 15
28 19 29 24
28 39 29 44
28 47 30 50
28 65 30 67
28 71 32 72
28 104 29 109
28 132 31 134
28 143 39 143
28 160 39 160
28 167 35 167
28 172 30 175
28 221 35 221
28 230 30 233
28 244 35 244
29 8 30 13
29 14 34 15
29 25 30 30
29 35 40 35
29 54 32 55
29 64 38 64
29 69 33 70
29 78 31 81
29 82 37 82
29 83 38 83
29 86 31 89
29 93 29 101
29 112 29 121
29 122 30 127
29 128 31 131
29 149 37 149
29 179 30 183
29 187 30 192
29 194 37 194
29 211 30 216
29 217 39 217
29 222 30 227
29 234 38 234
29 240 32 241
30 0 31 5
30 7 37 7
30 19 31 24
30 31 32 33
30 36 37 36
30 39 31 44
30 56 32 58
30 62 34 63
30 75 33 76
30 93 30 101
30 104 31 109
30 112 30 121
30 135 37 135
30 144 32 146
30 152 35 153
30 155 33 157
30 158 40 158
30 169 32 171
30 199 31 202
30 208 32 210
30 219 33 220
30 235 41 235
30 238 35 239
30 243 40 243
30 245 32 248
31 8 32 13
31 25 33 28
31 29 42 29
31 30 38 30
31 37 36 38
31 45 33 48
31 49 36 50
31 59 40 59
31 65 34 67
31 90 42 90
31 93 31 100
31 101 35 102
31 112 31 120
31 121 32 126
31 127 39 127
31 140 33 142
31 161 35 162
31 165 39 165
31 172 31 179
31 180 33 183
31 187 33 190
31 191 36 192
31 206 36 207
31 211 32 216
31 222 32 227
31 230 32 233
31 236 36 237
32 0 33 5
32 19 33 24
32 39 33 44
32 51 35 53
32 60 36 61
32 68 39 68
32 77 33 81
32 85 33 89
32 91 32 100
32 103 33 108
32 109 39 109
32 112 33 117
32 118 34 120
32 128 33 133
32 134 41 134
32 136 36 137
32 147 43 147
32 148 41 148
32 159 43 159
32 163 41 163
32 164 42 164
32 172 32 179
32 184 43 184
32 185 42 185
32 197 39 197
32 199 33 204
32 228 36 229
33 8 34 13
33 18 41 18
33 31 35 33
33 54 34 58
33 71 35 73
33 91 33 99
33 100 43 100
33 110 43 110
33 111 41 111
33 121 34 126
33 144 35 146
33 154 40 154
33 169 33 177
33 178 36 179
33 208 41 208
33 209 34 214
33 215 36 216
33 222 34 227
33 230 35 233
33 240 36 241
33 245 35 248
34 0 36 3
34 4 39 5
34 19 36 22
34 23 35 28
34 39 34 46
34 47 38 48
34 69 39 70
34 75 35 80
34 81 44 81
34 84 35 89
34 91 35 96
34 97 37 99
34 103 39 104
34 105 37 107
34 108 44 108
34 112 35 117
34 128 35 133
34 138 43 138
34 140 36 142
34 155 36 157
34 168 34 176
34 180 37 182
34 183 43 183
34 186 35 190
34 199 35 204
34 205 42 205
34 219 37 220
35 6 42 6
35 8 37 11
35 12 38 14
35 15 44 15
35 16 44 16
35 39 36 44
35 54 36 58
35 62 46 62
35 63 43 63
35 65 37 67
35 118 36 123
35 124 38 126
35 150 45 150
35 166 43 166
35 168 35 176
35 209 36 214
35 222 36 227
35 249 44 249
36 23 38 26
36 27 39 28
36 31 39 33
36 45 41 46
36 51 39 53
36 71 38 73
36 75 37 80
36 84 37 89
36 91 37 96
36 101 41 102
36 112 37 117
36 128 37 133
36 139 44 139
36 144 38 146
36 151 38 153
36 161 40 162
36 167 36 175
36 176 41 177
36 186 37 190
36 193 45 193
36 198 37 203
36 204 46 204
36 218 47 218
36 221 44 221
36 230 38 233
36 238 41 239
36 242 43 242
36 244 38 247
36 248 44 248
37 0 39 3
37 17 44 17
37 19 38 22
37 34 44 34
37 37 38 42
37 43 40 44
37 49 42 50
37 54 38 58
37 60 41 61
37 118 38 123
37 136 42 137
37 140 40 142
37 155 39 157
37 167 37 175
37 178 41 179
37 191 41 192
37 206 41 207
37 209 37 216
37 222 40 224
37 225 39 228
37 229 47 229
37 236 41 237
37 240 41 241
38 7 39 11
38 36 48 36
38 65 40 67
38 74 39 79
38 80 45 80
38 82 48 82
38 84 39 89
38 91 39 96
38 97 40 99
38 105 40 107
38 112 39 117
38 128 39 133
38 135 45 135
38 149 48 149
38 167 40 170
38 171 40 174
38 180 41 182
38 186 39 190
38 194 45 194
38 198 39 203
38 209 43 210
38 211 39 216
38 219 41 220
39 12 42 14
39 19 39 26
39 30 50 30
39 37 40 42
39 47 44 48
39 54 41 57
39 58 49 58
39 64 47 64
39 71 43 72
39 73 50 73
39 83 49 83
39 118 39 125
39 126 48 126
39 144 41 146
39 151 48 151
39 152 43 153
39 195 44 196
39 230 40 234
39 244 41 247
40 1 42 4
40 5 51 5
40 7 41 11
40 19 41 24
40 25 45 26
40 27 44 28
40 31 42 33
40 51 42 53
40 68 42 70
40 74 41 79
40 84 41 89
40 91 41 96
40 103 44 104
40 109 47 109
40 112 40 123
40 124 44 125
40 127 41 132
40 133 47 133
40 155 42 157
40 160 47 160
40 165 48 165
40 186 41 190
40 197 41 202
40 203 48 203
40 211 42 214
40 215 49 215
40 225 42 228
41 35 49 35
41 37 43 40
41 41 43 44
41 59 48 59
41 65 43 67
41 97 44 99
41 105 43 107
41 112 41 120
41 121 43 123
41 140 43 143
41 154 52 154
41 158 50 158
41 161 46 162
41 167 42 172
41 173 44 175
41 222 43 224
41 230 42 234
41 243 51 243
42 0 53 0
42 7 43 11
42 18 43 23
42 24 50 24
42 45 50 45
42 46 52 46
42 54 44 57
42 60 45 61
42 74 43 79
42 84 44 87
42 88 49 88
42 91 43 96
42 101 47 102
42 111 46 112
42 113 44 116
42 117 49 117
42 118 47 119
42 120 50 120
42 127 43 132
42 134 53 134
42 144 47 145
42 146 51 146
42 148 49 148
42 163 50 163
42 176 43 181
42 182 52 182
42 186 46 187
42 188 44 191
42 192 51 192
42 197 43 202
42 206 45 208
42 216 53 216
42 219 46 220
42 235 43 240
42 241 52 241
42 244 44 247
43 1 44 4
43 6 51 6
43 12 45 14
43 29 50 29
43 31 46 33
43 49 44 53
43 68 46 70
43 89 54 89
43 90 53 90
43 136 47 137
43 155 45 157
43 164 50 164
43 167 44 172
43 185 54 185
43 205 50 205
43 211 44 214
43 225 45 228
43 230 45 233
43 234 54 234
44 7 46 10
44 11 54 11
44 18 45 23
44 37 44 44
44 63 51 63
44 65 49 66
44 67 53 67
44 71 48 72
44 74 45 79
44 91 45 96
44 100 55 100
44 105 47 107
44 110 52 110
44 121 46 123
44 127 45 132
44 138 53 138
44 140 46 143
44 147 54 147
44 152 52 152
44 159 52 159
44 166 53 166
44 176 45 181
44 183 47 184
44 197 45 202
44 209 47 210
44 222 46 224
44 235 47 237
44 238 47 240
44 242 52 242
45 1 46 4
45 15 48 17
45 27 55 27
45 28 54 28
45 34 54 34
45 37 46 42
45 43 48 44
45 47 45 55
45 56 50 57
45 81 52 81
45 84 47 87
45 97 47 99
45 103 50 104
45 108 52 108
45 113 46 116
45 124 48 125
45 139 54 139
45 153 56 153
45 167 45 175
45 188 47 191
45 195 48 196
45 211 47 214
45 221 54 221
45 244 46 249
46 12 48 14
46 18 47 23
46 25 49 26
46 47 47 52
46 53 48 55
46 60 50 61
46 74 47 79
46 80 54 80
46 91 47 96
46 127 47 132
46 135 57 135
46 150 53 150
46 155 48 157
46 167 46 174
46 175 48 178
46 179 49 181
46 193 50 194
46 197 47 202
46 206 48 208
46 217 57 217
46 225 47 228
46 230 47 233
47 1 49 4
47 7 49 10
47 31 50 33
47 37 48 42
47 62 55 62
47 68 50 70
47 111 48 116
47 121 49 123
47 140 49 143
47 161 51 162
47 167 47 174
47 186 52 187
47 204 55 204
47 219 52 220
47 222 50 224
47 244 49 247
47 248 52 249
48 18 49 23
48 47 49 52
48 64 57 64
48 74 49 79
48 84 50 87
48 91 48 98
48 99 55 99
48 101 59 101
48 105 52 106
48 107 57 107
48 109 55 109
48 118 51 119
48 127 49 132
48 133 56 133
48 136 53 137
48 144 51 145
48 160 57 160
48 167 49 172
48 174 58 174
48 183 52 184
48 188 49 191
48 197 49 202
48 209 49 214
48 225 49 230
48 231 51 233
48 235 49 240
49 12 50 17
49 36 50 41
49 42 51 44
49 53 58 53
49 54 53 55
49 59 58 59
49 71 52 72
49 91 50 96
49 97 53 98
49 111 51 114
49 115 52 116
49 124 51 126
49 149 57 149
49 151 58 151
49 155 52 157
49 165 57 165
49 173 60 173
49 175 51 178
49 195 53 196
49 203 58 203
49 206 51 208
50 1 51 4
50 7 51 10
50 18 51 23
50 25 54 26
50 35 58 35
50 47 51 52
50 58 61 58
50 65 55 66
50 74 51 79
50 82 53 83
50 88 58 88
50 102 61 102
50 117 57 117
50 121 52 123
50 127 51 132
50 140 52 143
50 148 61 148
50 167 51 172
50 179 52 181
50 188 51 191
50 197 51 202
50 209 51 214
50 215 57 215
50 218 61 218
50 225 51 230
50 235 51 240
50 244 52 247
51 12 52 17
51 24 61 24
51 29 52 33
51 36 52 41
51 45 62 45
51 56 54 57
51 60 54 61
51 68 56 69
51 70 61 70
51 73 60 73
51 84 54 86
51 87 58 87
51 91 52 96
51 103 55 104
51 120 61 120
51 158 58 158
51 163 56 164
51 193 55 194
51 205 59 205
51 222 53 224
52 1 52 9
52 10 61 10
52 18 53 23
52 42 54 44
52 47 53 52
52 63 61 63
52 74 53 79
52 111 55 113
52 114 62 114
52 118 55 119
52 124 53 129
52 130 56 131
52 144 55 146
52 161 61 161
52 162 60 162
52 167 53 172
52 175 54 178
52 188 57 189
52 190 57 191
52 192 59 192
52 197 53 202
52 206 52 213
52 214 59 214
52 225 53 230
52 231 55 233
52 235 56 236
52 237 57 238
52 239 62 239
53 1 54 6
53 7 55 9
53 12 55 15
53 16 61 16
53 29 56 31
53 32 56 33
53 36 54 41
53 46 60 46
53 71 56 72
53 81 64 81
53 91 54 96
53 105 56 106
53 108 63 108
53 110 62 110
53 115 58 116
53 122 60 122
53 140 55 143
53 154 55 157
53 159 64 159
53 179 54 184
53 186 58 187
53 206 54 211
53 212 56 213
53 219 57 220
53 240 53 249
54 0 63 0
54 17 55 22
54 23 62 23
54 47 55 52
54 54 59 55
54 67 61 67
54 74 55 79
54 82 57 83
54 90 63 90
54 97 57 98
54 123 55 128
54 129 63 129
54 134 62 134
54 136 56 138
54 150 61 150
54 166 55 171
54 172 62 172
54 195 55 200
54 201 57 202
54 222 54 229
54 230 64 230
54 240 55 245
54 246 56 249
55 1 56 6
55 11 62 11
55 25 58 26
55 28 64 28
55 34 62 34
55 36 55 43
55 44 63 44
55 56 58 57
55 60 59 61
55 80 64 80
55 84 59 85
55 86 62 86
55 89 65 89
55 91 56 96
55 147 65 147
55 152 66 152
55 175 55 185
55 206 57 209
55 210 60 211
55 221 56 226
55 227 60 228
55 229 63 229
55 234 64 234
56 7 59 9
56 12 58 15
56 17 57 22
56 27 67 27
56 36 56 43
56 47 58 50
56 51 61 52
56 65 66 65
56 66 65 66
56 74 57 79
56 99 59 100
56 103 59 104
56 109 64 109
56 111 61 112
56 113 63 113
56 118 60 119
56 123 58 126
56 127 60 128
56 132 67 132
56 139 56 146
56 154 57 157
56 166 57 171
56 175 56 184
56 185 64 185
56 193 57 198
56 199 60 200
56 204 63 204
56 216 67 216
56 231 59 233
56 240 57 245
57 1 59 4
57 5 60 6
57 29 58 33
57 36 58 41
57 42 67 42
57 68 61 69
57 71 61 72
57 91 58 96
57 105 62 106
57 121 68 121
57 130 61 131
57 133 65 133
57 136 58 141
57 142 59 145
57 146 65 146
57 153 66 153
57 163 61 164
57 175 57 182
57 183 60 184
57 212 61 213
57 221 58 226
57 246 59 249
58 17 59 22
58 62 69 62
58 64 67 64
58 74 59 79
58 82 63 83
58 97 63 98
58 107 66 107
58 117 69 117
58 135 65 135
58 149 67 149
58 154 60 157
58 160 68 160
58 165 66 165
58 166 60 169
58 170 61 171
58 175 60 178
58 179 59 182
58 188 61 190
58 191 66 191
58 193 59 198
58 201 63 202
58 206 59 209
58 215 68 215
58 217 66 217
58 219 62 220
58 235 60 238
58 240 59 245
59 12 61 15
59 25 68 25
59 26 68 26
59 29 64 30
59 31 62 33
59 35 60 40
59 41 69 41
59 47 61 50
59 53 68 53
59 56 66 56
59 57 68 57
59 87 63 88
59 91 60 96
59 123 61 126
59 136 60 141
59 151 67 151
59 158 69 158
59 174 68 174
59 186 63 187
59 203 66 203
59 221 60 226
60 1 61 4
60 7 65 8
60 9 68 9
60 17 61 22
60 54 64 55
60 59 63 61
60 74 61 79
60 84 63 85
60 99 62 101
60 103 65 104
60 142 62 145
60 179 61 182
60 192 61 197
60 198 71 198
60 205 62 208
60 209 68 209
60 214 68 214
60 231 63 233
60 240 60 247
60 248 63 249
61 5 70 5
61 35 66 36
61 37 63 40
61 46 68 46
61 73 68 73
61 91 62 96
61 118 64 119
61 127 69 127
61 136 62 141
61 154 63 157
61 162 71 162
61 166 64 168
61 169 69 169
61 173 68 173
61 175 63 178
61 183 65 184
61 199 65 200
61 210 65 211
61 221 62 226
61 227 66 228
61 237 69 237
61 238 68 238
61 240 62 245
61 246 65 247
62 1 64 4
62 12 62 20
62 21 67 22
62 24 71 24
62 47 63 52
62 63 71 63
62 67 63 72
62 74 63 79
62 102 70 102
62 111 65 112
62 116 73 116
62 120 69 120
62 122 63 126
62 130 66 131
62 148 72 148
62 161 69 161
62 163 66 164
62 171 70 171
62 179 64 182
62 188 64 190
62 192 63 197
62 212 65 213
62 218 71 218
63 10 63 19
63 20 70 20
63 31 65 34
63 45 70 45
63 86 70 86
63 91 64 96
63 99 66 101
63 105 67 106
63 110 72 110
63 114 67 115
63 128 74 128
63 136 64 141
63 142 65 145
63 150 74 150
63 172 72 172
63 205 65 208
63 219 63 226
63 235 74 235
63 239 64 244
63 245 70 245
64 0 72 0
64 10 65 15
64 16 69 17
64 18 68 19
64 37 66 40
64 43 67 44
64 47 65 52
64 58 65 61
64 67 65 72
64 74 65 79
64 82 66 85
64 87 71 87
64 90 74 90
64 97 68 98
64 108 74 108
64 113 75 113
64 122 65 126
64 129 72 129
64 154 69 155
64 156 68 157
64 175 65 178
64 186 68 187
64 192 65 197
64 201 68 202
64 204 71 204
64 219 64 226
64 229 73 229
64 231 66 233
64 248 68 249
65 1 68 3
65 4 76 4
65 28 67 30
65 54 69 55
65 80 69 81
65 91 66 96
65 109 72 109
65 118 69 119
65 136 66 141
65 159 75 159
65 166 68 168
65 179 67 182
65 188 67 190
65 219 68 221
65 222 67 225
65 226 73 226
65 230 75 230
65 234 73 234
65 239 66 244
66 6 68 8
66 10 67 15
66 31 68 34
66 47 67 52
66 58 68 61
66 66 68 69
66 70 69 72
66 74 67 79
66 88 70 89
66 103 70 104
66 111 70 112
66 122 67 126
66 133 68 135
66 142 67 147
66 175 68 178
66 183 68 185
66 192 67 197
66 199 70 200
66 205 68 208
66 210 67 213
66 246 69 247
67 35 68 40
67 56 76 56
67 82 69 85
67 91 68 96
67 99 70 101
67 107 74 107
67 130 72 131
67 136 68 141
67 152 70 153
67 163 71 164
67 165 78 165
67 170 78 170
67 191 77 191
67 203 75 203
67 217 77 217
67 227 71 228
67 231 69 233
67 236 78 236
67 239 68 244
68 10 69 15
68 22 73 23
68 27 71 29
68 42 75 42
68 44 79 44
68 47 69 52
68 64 71 65
68 74 69 79
68 105 73 106
68 114 72 115
68 122 71 124
68 125 72 126
68 132 78 132
68 142 69 147
68 149 75 149
68 151 75 151
68 179 70 182
68 188 70 190
68 192 69 197
68 210 70 213
68 216 78 216
68 222 70 225
69 1 71 3
69 6 71 9
69 18 73 19
69 21 80 21
69 25 72 26
69 30 69 39
69 40 77 40
69 53 78 53
69 57 70 61
69 66 71 69
69 91 70 96
69 97 73 98
69 121 79 121
69 133 69 140
69 141 80 141
69 156 72 157
69 160 80 160
69 166 71 168
69 173 70 178
69 183 72 185
69 186 73 187
69 201 73 202
69 205 71 208
69 209 78 209
69 214 72 215
69 219 72 221
69 238 70 243
69 248 74 249
70 10 71 15
70 16 73 17
70 30 71 35
70 36 72 39
70 47 72 50
70 51 80 51
70 52 80 52
70 54 74 55
70 62 77 62
70 70 70 77
70 78 71 83
70 84 73 85
70 117 72 120
70 127 77 127
70 133 70 140
70 142 71 147
70 154 81 154
70 158 80 158
70 161 77 161
70 169 77 169
70 192 71 197
70 231 78 231
70 232 78 232
70 233 80 233
70 237 79 237
70 244 81 244
70 246 73 247
71 5 80 5
71 43 82 43
71 45 80 45
71 46 82 46
71 57 72 61
71 70 71 77
71 86 78 86
71 88 74 89
71 91 72 96
71 99 72 104
71 111 74 112
71 133 71 140
71 152 74 153
71 171 82 171
71 173 71 181
71 188 73 190
71 199 76 200
71 210 74 212
71 222 72 225
71 238 72 243
71 245 78 245
72 1 74 3
72 6 72 13
72 14 76 15
72 20 83 20
72 24 81 24
72 27 72 34
72 35 79 35
72 63 72 71
72 72 72 80
72 81 75 83
72 87 82 87
72 122 75 124
72 133 73 138
72 139 81 139
72 142 73 147
72 162 74 164
72 166 75 168
72 173 72 181
72 192 73 197
72 198 83 198
72 204 73 208
72 213 83 213
72 218 81 218
72 227 75 228
73 0 83 0
73 6 74 11
73 12 77 13
73 25 73 33
73 34 81 34
73 36 74 39
73 41 84 41
73 47 75 50
73 57 75 60
73 61 80 61
73 63 74 68
73 69 73 78
73 79 80 79
73 80 83 80
73 91 74 96
73 99 74 104
73 109 77 110
73 114 77 115
73 118 81 118
73 125 76 126
73 129 75 131
73 148 83 148
73 156 80 156
73 157 81 157
73 172 73 179
73 180 74 185
73 214 77 215
73 219 74 224
73 225 80 225
73 238 74 243
74 16 76 19
74 22 78 23
74 25 74 33
74 69 74 76
74 77 78 78
74 84 79 85
74 97 78 98
74 105 77 106
74 116 77 117
74 133 75 138
74 140 85 140
74 142 75 147
74 172 75 177
74 178 77 179
74 186 77 188
74 190 81 190
74 192 75 197
74 201 79 202
74 204 75 208
74 226 84 226
74 229 82 229
74 234 81 234
74 246 78 247
75 1 82 1
75 3 82 3
75 6 76 11
75 25 76 30
75 31 77 33
75 36 78 38
75 39 86 39
75 54 80 55
75 63 75 74
75 75 83 75
75 88 77 91
75 92 76 96
75 99 76 104
75 107 78 108
75 111 80 112
75 119 86 119
75 128 83 128
75 150 83 150
75 152 84 152
75 153 83 153
75 162 77 164
75 180 77 183
75 184 80 185
75 189 86 189
75 210 78 212
75 219 76 224
75 235 83 235
75 238 79 239
75 241 78 243
75 248 80 249
76 2 87 2
76 42 84 42
76 48 79 50
76 57 81 58
76 59 80 60
76 63 76 70
76 71 78 74
76 81 79 83
76 122 87 122
76 123 81 124
76 129 79 131
76 133 77 138
76 142 78 145
76 146 81 147
76 149 83 149
76 151 83 151
76 155 87 155
76 159 84 159
76 166 78 168
76 172 77 177
76 192 77 197
76 203 79 205
76 206 79 208
76 227 80 228
77 4 88 4
77 6 78 11
77 14 78 19
77 25 78 30
77 47 88 47
77 56 87 56
77 63 77 70
77 92 78 96
77 99 78 104
77 125 80 126
77 200 87 200
77 219 78 224
77 230 88 230
78 13 88 13
78 31 80 33
78 40 86 40
78 62 78 70
78 88 80 91
78 106 85 106
78 109 81 110
78 113 80 116
78 127 86 127
78 133 79 138
78 161 79 164
78 169 87 169
78 172 78 180
78 181 81 183
78 186 80 188
78 191 81 193
78 197 86 197
78 199 89 199
78 214 83 215
78 217 85 217
79 6 80 11
79 14 80 19
79 22 82 23
79 25 80 30
79 36 81 38
79 53 86 53
79 62 79 69
79 70 84 71
79 72 82 74
79 76 90 76
79 77 84 78
79 92 80 97
79 98 80 103
79 104 86 104
79 107 83 108
79 117 90 117
79 132 86 132
79 142 81 145
79 165 81 168
79 170 86 170
79 172 80 177
79 178 81 180
79 209 81 212
79 216 86 216
79 219 83 220
79 221 81 224
79 231 83 232
79 236 86 236
79 240 81 243
79 245 81 247
80 35 90 35
80 44 89 44
80 48 83 50
80 62 81 67
80 68 83 69
80 81 85 82
80 83 82 86
80 105 91 105
80 121 88 121
80 129 82 131
80 133 81 138
80 161 82 164
80 201 81 206
80 207 85 208
80 237 84 238
80 239 87 239
81 5 81 12
81 14 82 19
81 21 88 21
81 25 81 32
81 33 90 33
81 51 85 52
81 54 86 55
81 59 83 61
81 79 89 79
81 88 81 96
81 97 82 102
81 103 92 103
81 111 82 116
81 125 85 126
81 141 90 141
81 156 89 156
81 158 88 158
81 172 82 177
81 184 88 184
81 186 86 187
81 194 92 194
81 225 90 225
81 227 85 228
81 248 85 249
82 5 82 12
82 24 82 31
82 34 91 34
82 36 85 38
82 57 85 58
82 62 83 67
82 88 83 93
82 94 91 94
82 95 92 95
82 96 93 96
82 109 86 110
82 118 90 118
82 123 85 124
82 133 83 138
82 142 83 147
82 154 89 154
82 157 92 157
82 165 83 168
82 178 84 181
82 182 87 183
82 188 93 188
82 190 84 193
82 201 83 206
82 209 84 212
82 221 83 224
82 233 87 234
82 240 83 245
82 246 85 247
83 1 92 1
83 5 85 8
83 9 85 12
83 14 84 19
83 22 83 29
83 30 86 32
83 46 94 46
83 72 86 74
83 83 85 86
83 87 91 87
83 97 84 102
83 111 84 116
83 129 85 131
83 160 84 164
83 171 84 176
83 177 92 177
83 195 94 195
83 229 90 229
84 0 92 0
84 20 93 20
84 22 84 29
84 45 95 45
84 48 87 50
84 59 86 62
84 63 86 66
84 67 86 69
84 75 92 75
84 80 94 80
84 88 85 93
84 107 91 107
84 108 93 108
84 128 92 128
84 133 85 138
84 142 84 151
84 153 92 153
84 165 85 168
84 185 95 185
84 201 85 206
84 213 87 215
84 218 85 223
84 224 91 224
84 231 88 232
84 235 94 235
84 240 85 245
85 14 86 19
85 22 86 27
85 28 88 29
85 41 87 43
85 70 90 71
85 77 88 78
85 97 86 102
85 111 86 116
85 120 96 120
85 139 96 139
85 142 85 150
85 159 86 164
85 171 86 176
85 178 87 181
85 190 86 193
85 209 86 212
85 226 94 226
85 237 89 238
86 5 87 10
86 11 97 11
86 12 97 12
86 36 88 38
86 51 89 52
86 57 89 58
86 81 87 86
86 88 87 93
86 106 96 106
86 123 90 124
86 129 88 131
86 133 87 138
86 140 96 140
86 142 86 149
86 150 91 151
86 152 97 152
86 165 88 168
86 198 97 198
86 201 87 206
86 208 96 208
86 217 87 222
86 223 93 223
86 227 89 228
86 240 86 248
86 249 97 249
87 3 98 3
87 14 90 16
87 18 96 18
87 19 95 19
87 22 88 27
87 30 90 32
87 39 91 40
87 53 92 54
87 55 97 55
87 59 87 66
87 67 92 68
87 69 98 69
87 72 89 74
87 97 88 102
87 104 97 104
87 109 88 114
87 115 91 116
87 119 95 119
87 125 89 127
87 132 94 132
87 142 88 147
87 148 90 149
87 159 94 159
87 161 89 164
87 170 88 175
87 176 95 176
87 186 98 186
87 187 98 187
87 189 88 193
87 196 92 197
87 209 89 212
87 216 97 216
87 236 95 236
87 240 87 247
87 248 97 248
88 2 96 2
88 5 89 10
88 17 99 17
88 41 91 43
88 48 90 50
88 56 95 56
88 59 89 64
88 65 92 66
88 81 89 86
88 88 89 93
88 122 97 122
88 133 89 138
88 155 99 155
88 169 95 169
88 178 89 183
88 200 89 205
88 206 91 207
88 213 90 215
88 217 89 222
88 233 92 234
88 239 88 246
88 247 96 247
89 4 97 4
89 13 99 13
89 21 89 29
89 36 91 38
89 47 97 47
89 77 94 78
89 97 90 102
89 109 91 112
89 113 93 114
89 129 91 131
89 142 90 147
89 158 97 158
89 165 91 168
89 170 90 175
89 189 90 193
89 230 91 232
89 239 89 246
90 5 91 10
90 21 90 28
90 29 100 29
90 51 94 52
90 57 91 62
90 63 95 64
90 72 93 74
90 79 100 79
90 81 91 86
90 88 91 93
90 125 93 127
90 133 91 138
90 154 100 154
90 156 101 156
90 160 91 164
90 178 91 183
90 199 91 204
90 205 98 205
90 209 92 212
90 217 91 222
90 227 95 228
90 237 91 242
90 243 92 246
91 14 93 16
91 21 92 26
91 27 95 28
91 30 93 33
91 35 98 35
91 48 96 49
91 50 101 50
91 70 95 71
91 76 100 76
91 97 93 100
91 102 99 102
91 117 95 118
91 123 94 124
91 141 91 148
91 149 100 149
91 170 92 175
91 189 92 193
91 213 94 215
91 225 99 225
91 229 98 229
92 5 93 10
92 34 103 34
92 36 92 43
92 57 93 62
92 81 92 88
92 89 93 94
92 101 103 101
92 105 100 105
92 107 99 107
92 109 93 112
92 115 96 116
92 129 94 131
92 133 93 138
92 141 95 143
92 144 97 145
92 146 94 148
92 151 103 151
92 160 92 168
92 178 93 183
92 199 93 204
92 206 96 207
92 217 93 222
92 230 95 232
92 237 93 242
93 1 100 1
93 21 94 26
93 36 93 43
93 44 104 44
93 53 96 54
93 65 94 68
93 75 100 75
93 81 94 86
93 87 96 88
93 95 100 95
93 103 100 103
93 128 101 128
93 153 100 153
93 157 102 157
93 160 93 167
93 168 100 168
93 170 94 175
93 177 100 177
93 184 104 184
93 189 94 194
93 196 97 197
93 209 95 212
93 233 96 234
93 243 95 246
94 5 95 10
94 14 99 15
94 16 104 16
94 30 95 33
94 36 94 43
94 57 95 62
94 72 96 74
94 89 95 94
94 96 95 100
94 108 95 113
94 125 96 127
94 133 95 138
94 160 95 165
94 166 98 167
94 178 95 183
94 188 104 188
94 199 95 204
94 217 97 219
94 220 96 223
94 224 105 224
94 237 95 242
95 20 96 25
95 26 103 26
95 36 96 41
95 42 99 43
95 46 104 46
95 51 99 52
95 65 97 68
95 77 99 78
95 80 96 85
95 86 105 86
95 123 100 124
95 129 97 132
95 146 97 148
95 150 106 150
95 159 102 159
95 170 96 175
95 189 96 194
95 195 102 195
95 213 97 215
95 226 105 226
95 235 104 235
96 5 99 7
96 8 99 10
96 19 105 19
96 27 99 28
96 30 98 33
96 45 103 45
96 56 96 64
96 89 97 94
96 96 97 100
96 108 97 113
96 117 100 118
96 119 107 119
96 133 97 138
96 141 98 143
96 160 97 165
96 169 107 169
96 176 106 176
96 178 97 183
96 185 106 185
96 199 97 204
96 209 98 212
96 227 99 228
96 230 98 232
96 236 96 244
96 245 99 246
97 2 107 2
97 20 98 25
97 36 98 41
97 48 100 49
97 53 102 54
97 56 97 64
97 70 98 74
97 80 98 85
97 87 100 88
97 115 104 115
97 116 108 116
97 120 100 121
97 125 100 127
97 139 101 140
97 170 98 175
97 189 98 194
97 206 100 208
97 220 99 223
97 233 100 234
97 236 98 241
97 242 99 244
97 247 106 247
98 4 105 4
98 11 102 12
98 55 98 62
98 63 99 68
98 89 99 94
98 96 100 99
98 100 106 100
98 104 105 104
98 106 109 106
98 108 99 113
98 122 106 122
98 129 98 136
98 137 101 138
98 144 99 148
98 152 108 152
98 158 107 158
98 160 99 165
98 178 101 180
98 181 103 182
98 183 109 183
98 196 99 201
98 202 103 203
98 204 108 204
98 213 99 218
98 219 108 219
98 248 102 249
99 3 108 3
99 20 100 25
99 30 101 33
99 35 100 40
99 41 107 41
99 55 100 60
99 61 102 62
99 69 108 69
99 70 108 70
99 71 108 71
99 72 108 72
99 73 104 74
99 80 100 85
99 129 100 134
99 135 102 136
99 141 102 143
99 166 104 167
99 170 100 175
99 186 103 187
99 189 101 192
99 193 102 194
99 205 107 205
99 209 101 212
99 229 101 232
99 236 101 239
99 240 102 241
100 0 111 0
100 5 101 10
100 13 102 15
100 17 110 17
100 27 105 28
100 42 105 43
100 51 103 52
100 63 101 68
100 77 105 78
100 89 101 94
100 102 108 102
100 107 102 110
100 111 102 114
100 144 101 148
100 160 101 165
100 196 101 201
100 213 101 218
100 220 108 220
100 221 103 223
100 225 108 225
100 227 104 228
100 242 101 246
101 1 109 1
101 20 102 25
101 35 102 40
101 47 103 49
101 55 102 60
101 75 111 75
101 79 102 84
101 85 112 85
101 87 106 88
101 95 103 98
101 103 109 103
101 105 108 105
101 117 111 117
101 120 105 121
101 123 102 127
101 129 102 134
101 149 109 149
101 153 103 155
101 168 111 168
101 170 102 175
101 177 110 177
101 206 103 208
101 233 105 234
102 5 103 10
102 29 103 33
102 50 111 50
102 63 103 68
102 76 113 76
102 89 103 94
102 128 111 128
102 137 103 140
102 144 103 148
102 156 110 156
102 160 103 165
102 178 104 180
102 189 103 192
102 196 103 201
102 209 102 216
102 217 106 218
102 229 104 232
102 236 104 239
102 242 105 244
102 245 105 246
103 11 105 14
103 20 104 25
103 35 104 40
103 53 103 60
103 61 106 62
103 79 104 84
103 107 104 112
103 113 106 114
103 123 105 126
103 127 110 127
103 129 104 134
103 135 107 136
103 141 106 143
103 157 110 157
103 170 104 175
103 193 106 195
103 209 104 214
103 215 110 215
103 240 107 241
103 248 107 249
104 5 105 10
104 26 112 26
104 29 105 34
104 45 114 45
104 47 106 49
104 51 104 59
104 60 115 60
104 63 105 68
104 89 104 97
104 101 112 101
104 137 106 140
104 144 105 148
104 151 112 151
104 153 109 154
104 159 105 164
104 165 115 165
104 181 107 182
104 186 109 187
104 189 105 192
104 196 105 201
104 202 107 203
104 206 106 208
104 221 109 222
104 223 112 223
105 15 110 16
105 18 116 18
105 20 106 25
105 35 106 40
105 44 116 44
105 46 112 46
105 51 105 59
105 73 109 74
105 79 106 84
105 89 105 98
105 107 106 112
105 115 112 115
105 129 106 134
105 166 109 167
105 170 110 171
105 172 108 174
105 178 107 180
105 184 112 184
105 188 114 188
105 209 106 214
105 227 106 232
105 235 106 239
106 4 107 9
106 10 108 13
106 14 113 14
106 19 113 19
106 27 106 34
106 42 111 43
106 51 106 59
106 63 107 68
106 77 110 78
106 86 113 86
106 89 106 96
106 97 109 99
106 104 117 104
106 120 109 121
106 123 107 126
106 144 108 147
106 159 109 161
106 162 109 164
106 189 107 192
106 196 107 201
106 224 116 224
106 226 113 226
106 233 109 234
106 242 107 246
107 20 108 25
107 27 107 35
107 36 109 39
107 40 114 40
107 47 109 49
107 51 107 59
107 61 110 62
107 79 108 84
107 87 107 94
107 95 111 96
107 100 118 100
107 107 108 112
107 113 110 114
107 118 118 118
107 122 114 122
107 129 110 131
107 132 110 134
107 137 108 142
107 143 116 143
107 175 110 176
107 185 115 185
107 193 111 194
107 195 115 195
107 206 108 211
107 212 110 214
107 216 110 218
107 227 108 232
107 235 108 239
107 247 116 247
108 2 116 2
108 4 109 9
108 27 109 32
108 33 110 35
108 41 116 41
108 51 108 58
108 59 116 59
108 63 109 68
108 87 108 94
108 119 115 119
108 123 111 125
108 135 112 136
108 158 117 158
108 169 118 169
108 178 110 181
108 182 116 182
108 189 110 192
108 196 109 201
108 202 111 203
108 205 115 205
108 240 109 245
108 246 118 246
108 248 113 249
109 3 117 3
109 10 110 13
109 20 110 25
109 51 109 58
109 69 111 72
109 79 110 84
109 87 110 92
109 93 120 93
109 94 117 94
109 102 116 102
109 105 117 105
109 107 110 112
109 116 117 116
109 137 110 142
109 144 117 144
109 145 113 146
109 147 113 148
109 152 117 152
109 172 112 174
109 204 119 204
109 206 110 211
109 219 120 219
109 220 116 220
109 225 118 225
109 227 110 232
109 235 110 239
110 1 117 1
110 4 111 9
110 27 111 32
110 36 115 37
110 38 113 39
110 47 113 49
110 51 110 58
110 63 111 68
110 73 113 74
110 97 112 99
110 103 120 103
110 106 119 106
110 120 114 121
110 149 113 150
110 153 113 155
110 159 112 162
110 163 114 164
110 166 114 167
110 183 117 183
110 186 114 187
110 196 111 201
110 221 114 222
110 233 118 233
110 240 111 245
111 10 120 10
111 11 121 11
111 13 120 13
111 15 114 17
111 20 113 23
111 24 114 25
111 33 113 35
111 51 112 56
111 57 116 58
111 61 114 62
111 77 112 82
111 83 115 84
111 87 112 92
111 107 112 112
111 113 115 114
111 126 115 127
111 129 112 134
111 137 112 142
111 156 114 157
111 170 119 170
111 171 120 171
111 175 112 180
111 181 120 181
111 189 113 192
111 206 113 209
111 210 112 215
111 216 115 217
111 218 122 218
111 227 112 232
111 234 112 239
112 0 120 0
112 4 113 9
112 27 113 32
112 42 115 43
112 50 120 50
112 63 112 70
112 71 120 71
112 72 119 72
112 75 120 75
112 95 116 96
112 117 122 117
112 123 114 125
112 128 121 128
112 168 122 168
112 193 117 194
112 196 112 203
112 240 113 245
113 26 120 26
113 46 121 46
113 51 114 56
113 63 114 68
113 69 121 69
113 77 114 82
113 85 124 85
113 87 114 92
113 97 116 99
113 101 120 101
113 107 116 109
113 110 115 112
113 115 120 115
113 129 113 139
113 140 122 140
113 151 122 151
113 159 115 162
113 172 113 180
113 184 121 184
113 196 114 201
113 202 117 203
113 210 114 215
113 223 120 223
113 227 114 232
113 234 114 239
114 4 115 9
114 14 123 14
114 19 115 23
114 27 115 32
114 33 116 35
114 38 121 38
114 39 123 39
114 47 118 48
114 49 121 49
114 73 118 74
114 76 121 76
114 86 122 86
114 129 114 139
114 141 125 141
114 145 115 150
114 153 116 155
114 172 114 179
114 180 124 180
114 189 116 192
114 206 116 209
114 226 121 226
114 240 115 245
114 248 119 249
115 15 126 15
115 24 119 25
115 40 123 40
115 45 122 45
115 51 116 56
115 61 115 68
115 77 118 79
115 80 118 82
115 87 116 92
115 120 116 125
115 129 115 136
115 137 117 139
115 142 126 142
115 156 119 157
115 163 123 163
115 164 122 164
115 166 119 167
115 172 115 179
115 186 117 188
115 196 116 201
115 210 117 213
115 214 120 215
115 221 118 222
115 227 116 232
115 234 116 239
116 4 121 5
116 6 119 8
116 9 124 9
116 16 121 17
116 19 117 23
116 27 117 32
116 36 120 37
116 42 120 43
116 60 116 67
116 68 124 68
116 83 126 83
116 84 124 84
116 110 117 114
116 119 124 119
116 126 125 126
116 127 124 127
116 129 116 136
116 145 117 150
116 159 118 162
116 165 123 165
116 172 117 177
116 178 121 179
116 185 123 185
116 195 127 195
116 205 123 205
116 216 125 216
116 217 124 217
116 240 119 242
116 243 119 245
117 2 124 2
117 18 124 18
117 33 119 35
117 41 127 41
117 44 125 44
117 51 117 60
117 61 118 66
117 67 124 67
117 87 118 92
117 95 118 99
117 107 119 109
117 120 118 125
117 129 118 134
117 135 121 136
117 143 125 143
117 153 120 155
117 182 125 182
117 189 119 192
117 196 118 201
117 206 119 209
117 224 124 224
117 227 118 232
117 234 118 239
117 247 125 247
118 3 125 3
118 19 121 21
118 27 119 32
118 51 118 58
118 59 122 60
118 94 126 94
118 102 129 102
118 104 121 105
118 110 121 112
118 113 122 114
118 116 129 116
118 137 121 139
118 144 119 149
118 150 127 150
118 152 125 152
118 158 126 158
118 172 119 177
118 183 126 183
118 186 120 188
118 193 122 194
118 202 122 203
118 210 121 212
118 213 125 213
118 220 129 220
119 1 130 1
119 47 124 48
119 51 120 56
119 57 122 58
119 61 120 66
119 73 124 74
119 77 120 82
119 87 120 92
119 95 120 100
119 118 126 118
119 120 120 125
119 129 120 134
119 159 121 162
119 196 120 201
119 221 122 222
119 225 127 225
119 227 119 235
119 236 121 239
120 6 123 8
120 22 122 25
120 27 125 28
120 29 123 31
120 33 123 35
120 72 130 72
120 106 122 109
120 144 121 149
120 156 123 157
120 167 128 167
120 169 124 170
120 172 121 177
120 189 122 192
120 204 127 204
120 206 125 207
120 208 125 209
120 227 121 232
120 233 125 234
120 235 128 235
120 240 121 245
120 248 123 249
121 0 128 0
121 10 132 10
121 12 125 13
121 26 131 26
121 36 124 37
121 42 126 43
121 50 123 53
121 54 124 56
121 61 122 66
121 71 130 71
121 75 128 75
121 77 122 82
121 87 122 92
121 93 131 93
121 95 123 98
121 99 123 101
121 103 132 103
121 115 130 115
121 120 122 125
121 129 124 131
121 132 123 134
121 153 124 155
121 171 128 171
121 181 130 181
121 186 124 188
121 196 122 201
121 214 126 215
121 219 132 219
121 223 129 223
122 4 127 5
122 11 129 11
122 16 131 16
122 19 125 21
122 38 131 38
122 46 129 46
122 49 129 49
122 69 127 70
122 76 129 76
122 104 133 104
122 110 130 110
122 111 127 112
122 135 124 138
122 139 129 139
122 144 123 149
122 159 123 162
122 172 122 179
122 210 127 211
122 212 129 212
122 226 123 231
122 232 130 232
122 236 122 245
123 23 128 24
123 25 134 25
123 32 134 32
123 45 130 45
123 57 123 64
123 65 127 66
123 77 124 82
123 86 124 91
123 92 131 92
123 105 124 109
123 113 128 114
123 117 132 117
123 120 124 125
123 140 132 140
123 151 134 151
123 164 132 164
123 168 130 168
123 172 123 179
123 189 124 194
123 196 124 201
123 202 126 203
123 218 130 218
123 221 126 222
123 236 123 245
123 246 134 246
124 6 127 8
124 14 133 14
124 22 135 22
124 29 128 30
124 31 133 31
124 33 127 35
124 39 128 40
124 50 126 53
124 57 125 62
124 63 127 64
124 95 126 98
124 99 127 101
124 128 135 128
124 132 133 132
124 133 133 133
124 134 132 134
124 144 125 149
124 156 133 156
124 157 133 157
124 159 125 163
124 165 128 166
124 172 126 175
124 176 126 179
124 184 127 185
124 205 134 205
124 226 125 231
124 236 124 243
124 244 129 245
124 248 128 249
125 2 132 2
125 9 132 9
125 18 134 18
125 36 130 37
125 47 128 48
125 54 128 56
125 67 130 68
125 73 128 74
125 78 128 80
125 81 129 82
125 84 127 87
125 88 127 91
125 105 126 109
125 119 127 122
125 123 128 125
125 127 132 127
125 129 127 131
125 135 127 138
125 153 128 155
125 169 129 170
125 180 134 180
125 186 125 194
125 196 127 199
125 200 129 201
125 217 132 217
125 224 132 224
125 236 126 241
125 242 130 243
126 3 134 3
126 12 129 13
126 19 128 21
126 27 129 28
126 44 135 44
126 57 127 62
126 126 133 126
126 141 134 141
126 143 127 148
126 149 137 149
126 152 133 152
126 159 128 162
126 182 135 182
126 186 127 191
126 192 128 194
126 206 127 209
126 213 136 213
126 216 133 216
126 226 127 231
126 233 129 234
126 247 135 247
127 15 137 15
127 42 130 43
127 50 129 53
127 83 134 83
127 94 128 98
127 105 128 109
127 118 137 118
127 142 136 142
127 158 136 158
127 172 127 179
127 183 134 183
127 202 132 203
127 214 131 215
127 221 132 222
127 236 128 241
128 4 132 5
128 6 131 8
128 33 130 35
128 41 137 41
128 57 129 62
128 63 130 66
128 69 131 70
128 84 129 89
128 90 132 91
128 99 131 101
128 111 133 112
128 119 129 122
128 129 130 131
128 135 130 138
128 143 129 148
128 150 136 150
128 172 129 177
128 179 137 179
128 184 128 191
128 195 129 199
128 204 138 204
128 206 129 211
128 225 129 230
129 0 138 0
129 19 137 19
129 20 134 21
129 23 134 24
129 29 132 30
129 39 133 40
129 47 132 48
129 54 131 56
129 73 140 73
129 74 134 75
129 77 131 80
129 94 130 98
129 105 130 109
129 113 134 114
129 123 131 125
129 153 131 155
129 159 130 163
129 165 140 165
129 166 134 167
129 171 137 171
129 178 140 178
129 184 129 194
129 235 130 240
129 241 138 241
129 248 133 249
130 11 133 13
130 27 133 28
130 46 139 46
130 49 132 52
130 53 137 53
130 57 131 62
130 76 138 76
130 82 138 82
130 84 131 89
130 102 138 102
130 116 138 116
130 119 132 122
130 139 137 139
130 143 131 148
130 169 134 170
130 172 131 177
130 184 130 191
130 192 130 201
130 206 131 211
130 212 137 212
130 220 137 220
130 223 140 223
130 225 132 228
130 229 138 229
130 230 138 230
130 231 141 231
130 233 133 234
130 244 134 245
131 1 141 1
131 17 142 17
131 33 132 37
131 42 135 43
131 45 140 45
131 63 132 68
131 71 134 72
131 94 132 98
131 105 132 110
131 129 135 130
131 131 140 131
131 135 133 138
131 159 132 163
131 168 138 168
131 181 140 181
131 184 133 187
131 188 131 197
131 198 133 201
131 218 138 218
131 235 135 236
131 237 133 240
131 242 136 243
132 6 134 8
132 16 139 16
132 26 143 26
132 38 139 38
132 54 132 61
132 62 140 62
132 69 136 70
132 78 135 80
132 84 133 89
132 92 135 93
132 99 135 101
132 123 135 125
132 143 133 148
132 153 135 155
132 172 134 175
132 176 137 177
132 188 133 193
132 194 137 195
132 196 136 197
132 206 133 211
132 214 135 215
133 2 141 2
133 4 137 5
133 9 136 10
133 29 137 30
133 33 134 37
133 47 134 52
133 54 134 59
133 60 136 61
133 63 134 68
133 90 138 91
133 94 134 98
133 103 140 103
133 105 134 110
133 115 144 115
133 117 142 117
133 119 135 122
133 127 142 127
133 140 142 140
133 159 134 164
133 202 140 202
133 203 143 203
133 217 143 217
133 219 143 219
133 221 138 222
133 224 135 227
133 228 140 228
134 11 135 14
134 27 137 28
134 31 141 31
134 39 139 40
134 77 145 77
134 84 135 89
134 104 145 104
134 111 139 112
134 126 142 126
134 132 135 137
134 138 142 138
134 143 139 144
134 145 136 148
134 152 144 152
134 157 142 157
134 184 135 189
134 190 139 191
134 192 143 192
134 198 142 198
134 199 137 201
134 206 136 209
134 210 137 211
134 216 141 216
134 232 137 234
134 237 136 240
134 249 142 249
135 3 146 3
135 6 138 8
135 18 143 18
135 20 139 21
135 23 137 25
135 33 140 34
135 35 140 36
135 37 142 37
135 47 138 49
135 50 138 52
135 54 136 59
135 63 137 66
135 67 145 67
135 68 144 68
135 71 138 72
135 74 139 75
135 83 145 83
135 94 136 98
135 105 136 110
135 113 139 114
135 141 143 141
135 151 144 151
135 159 136 164
135 166 138 167
135 169 140 170
135 172 137 175
135 180 142 180
135 183 142 183
135 193 146 193
135 205 146 205
135 244 140 245
135 246 142 246
135 248 146 248
136 11 138 14
136 22 145 22
136 42 139 44
136 78 138 81
136 84 137 89
136 92 144 92
136 93 145 93
136 99 138 101
136 119 138 122
136 123 138 125
136 128 139 130
136 132 137 137
136 153 140 154
136 182 144 182
136 184 137 189
136 214 140 215
136 224 138 227
136 235 141 236
136 247 144 247
137 9 141 10
137 54 138 59
137 60 140 61
137 69 140 70
137 94 138 98
137 105 138 110
137 145 139 148
137 158 139 161
137 162 139 164
137 196 146 196
137 206 138 209
137 213 146 213
137 237 139 240
137 242 142 243
138 4 142 5
138 15 146 15
138 19 146 19
138 23 141 25
138 27 140 30
138 32 149 32
138 41 146 41
138 53 149 53
138 63 139 66
138 84 139 89
138 118 146 118
138 132 139 137
138 139 147 139
138 142 149 142
138 149 143 150
138 171 139 176
138 177 147 177
138 179 145 179
138 184 139 189
138 194 142 195
138 199 140 201
138 210 140 212
138 220 145 220
138 232 142 233
138 234 145 234
139 0 148 0
139 6 142 8
139 11 141 14
139 47 140 52
139 54 140 59
139 72 146 72
139 78 141 81
139 82 149 82
139 90 144 91
139 94 141 97
139 98 142 100
139 101 143 102
139 105 140 110
139 116 147 116
139 119 140 124
139 125 146 125
139 166 142 168
139 204 148 204
139 206 142 208
139 209 147 209
139 218 147 218
139 221 147 221
139 222 148 222
139 224 140 227
139 229 143 230
139 241 147 241
140 16 147 16
140 20 143 21
140 38 145 39
140 40 147 40
140 42 142 44
140 46 151 46
140 63 142 66
140 74 142 76
140 84 141 89
140 111 142 114
140 128 142 130
140 132 141 137
140 143 141 148
140 155 145 156
140 158 142 161
140 162 143 164
140 171 141 176
140 184 140 191
140 237 142 240
141 27 143 30
141 33 143 36
141 45 149 45
141 47 142 52
141 54 141 61
141 62 150 62
141 69 143 71
141 103 150 103
141 105 142 110
141 119 142 124
141 131 151 131
141 153 145 154
141 165 148 165
141 178 150 178
141 184 141 191
141 199 143 202
141 210 146 211
141 212 150 212
141 214 144 215
141 223 142 228
142 1 145 2
142 9 143 14
142 23 150 23
142 24 153 24
142 25 152 25
142 31 150 31
142 54 143 59
142 60 147 61
142 78 144 81
142 84 143 89
142 94 143 97
142 132 143 137
142 143 143 148
142 169 142 176
142 184 143 189
142 190 146 191
142 216 152 216
142 235 146 236
143 4 144 8
143 17 152 17
143 37 153 37
143 42 145 44
143 47 144 52
143 63 145 66
143 73 144 76
143 98 146 100
143 105 143 114
143 117 152 117
143 119 144 124
143 126 145 129
143 130 151 130
143 138 151 138
143 140 150 140
143 157 145 160
143 161 150 161
143 166 143 173
143 174 146 176
143 180 146 181
143 183 150 183
143 194 147 195
143 198 151 198
143 208 152 208
143 223 144 228
143 232 147 233
143 237 145 240
143 242 145 245
143 246 151 246
144 9 145 14
144 18 154 18
144 20 147 21
144 26 145 30
144 33 146 36
144 54 145 59
144 69 146 71
144 84 145 89
144 94 145 97
144 101 148 102
144 105 145 110
144 111 145 114
144 132 145 137
144 141 152 141
144 143 144 150
144 162 146 164
144 166 145 171
144 172 147 173
144 184 145 189
144 192 154 192
144 199 146 202
144 203 153 203
144 207 155 207
144 217 151 217
144 219 155 219
144 229 146 231
144 249 155 249
145 4 148 6
145 7 150 8
145 47 146 52
145 68 152 68
145 73 147 76
145 78 148 80
145 81 155 81
145 90 150 91
145 92 153 92
145 119 147 122
145 123 149 124
145 143 145 150
145 151 149 152
145 182 152 182
145 206 156 206
145 214 149 215
145 223 146 228
145 247 155 247
146 1 149 2
146 9 147 14
146 22 153 22
146 26 147 30
146 38 155 38
146 39 154 39
146 42 149 44
146 54 147 59
146 63 147 67
146 77 156 77
146 83 147 88
146 89 154 89
146 93 147 97
146 104 147 109
146 110 147 115
146 126 148 129
146 132 147 137
146 143 146 150
146 153 149 155
146 156 147 160
146 166 148 169
146 170 151 171
146 184 147 189
146 220 156 220
146 234 153 234
146 237 148 240
146 242 151 243
146 245 155 245
147 3 154 3
147 15 155 15
147 19 156 19
147 33 149 36
147 47 148 52
147 69 149 72
147 98 149 100
147 118 156 118
147 125 156 125
147 143 148 148
147 149 150 150
147 162 149 164
147 174 150 176
147 179 149 181
147 190 152 191
147 193 154 193
147 196 154 196
147 199 149 202
147 210 151 211
147 223 148 228
147 229 149 231
147 235 150 236
147 248 154 248
148 9 149 14
148 16 155 16
148 20 151 21
148 26 150 29
148 30 157 30
148 40 151 41
148 54 149 59
148 60 152 61
148 63 150 66
148 67 159 67
148 73 152 74
148 75 158 75
148 76 158 76
148 83 150 86
148 87 152 88
148 93 150 96
148 97 155 97
148 104 148 111
148 112 150 115
148 116 155 116
148 119 151 121
148 122 159 122
148 132 149 137
148 139 156 139
148 156 150 159
148 160 156 160
148 172 153 173
148 177 158 177
148 184 149 189
148 194 152 195
148 205 159 205
148 209 158 209
148 218 155 218
148 221 159 221
148 232 152 233
148 241 156 241
149 0 156 0
149 4 152 6
149 47 150 52
149 78 151 80
149 101 152 102
149 104 150 109
149 110 154 111
149 126 151 129
149 143 150 148
149 165 154 166
149 167 151 169
149 204 157 204
149 222 150 227
149 228 156 228
149 237 151 240
150 1 155 2
150 9 151 14
150 32 152 35
150 36 159 36
150 42 151 45
150 53 151 58
150 59 158 59
150 69 151 72
150 82 157 82
150 98 153 100
150 123 153 124
150 132 151 137
150 142 157 142
150 151 151 155
150 162 152 164
150 179 154 180
150 184 151 189
150 197 161 197
150 199 152 202
150 214 155 215
150 229 153 231
150 244 161 244
151 7 158 7
151 8 161 8
151 23 158 23
151 26 152 29
151 31 158 31
151 47 152 52
151 62 153 65
151 66 162 66
151 83 153 86
151 90 155 91
151 93 152 96
151 103 152 108
151 109 158 109
151 112 152 115
151 143 151 150
151 156 154 158
151 159 158 159
151 161 158 161
151 174 153 176
151 178 159 178
151 183 159 183
151 212 160 212
151 213 162 213
151 222 152 227
151 235 156 236
152 9 154 12
152 13 155 14
152 20 156 21
152 40 153 45
152 46 161 46
152 53 153 58
152 69 154 72
152 78 154 80
152 119 154 121
152 126 152 134
152 135 153 138
152 140 163 140
152 143 152 151
152 152 154 155
152 167 153 171
152 181 163 181
152 184 153 189
152 198 162 198
152 210 157 211
152 217 162 217
152 237 154 240
152 242 155 243
152 246 160 246
153 4 155 6
153 17 161 17
153 25 154 29
153 32 154 35
153 47 154 52
153 60 163 60
153 61 162 61
153 68 160 68
153 73 156 74
153 87 156 88
153 93 155 96
153 101 153 108
153 112 155 115
153 117 160 117
153 126 153 133
153 134 161 134
153 143 154 148
153 149 156 151
153 162 156 164
153 182 161 182
153 190 158 191
153 194 156 195
153 199 154 202
153 208 160 208
153 216 161 216
153 222 154 227
153 232 156 233
154 22 161 22
154 24 164 24
154 37 163 37
154 40 155 45
154 53 155 58
154 62 156 65
154 83 159 84
154 85 158 86
154 92 164 92
154 98 154 105
154 106 157 108
154 123 162 123
154 124 163 124
154 126 154 133
154 135 156 138
154 167 154 176
154 184 155 189
154 203 163 203
154 229 156 231
154 234 162 234
155 3 162 3
155 9 157 12
155 18 166 18
155 25 160 26
155 27 158 29
155 32 158 34
155 35 166 35
155 39 163 39
155 47 156 52
155 69 157 72
155 78 158 80
155 89 166 89
155 98 156 103
155 104 159 105
155 110 158 111
155 119 157 121
155 126 156 131
155 132 160 133
155 143 156 148
155 152 156 157
155 165 155 172
155 173 157 176
155 179 158 180
155 192 160 193
155 196 162 196
155 199 157 202
155 222 156 227
155 237 160 238
155 239 160 240
155 248 166 248
156 1 164 1
156 2 166 2
156 4 164 4
156 5 160 6
156 13 158 16
156 38 163 38
156 40 157 45
156 53 157 58
156 81 164 81
156 93 157 97
156 112 157 116
156 165 156 172
156 184 157 189
156 207 165 207
156 214 160 215
156 218 160 219
156 242 166 242
156 243 167 243
156 245 165 245
156 247 167 247
156 249 163 249
157 19 159 21
157 47 158 52
157 62 159 65
157 73 162 74
157 77 165 77
157 87 161 88
157 91 168 91
157 98 158 103
157 118 168 118
157 125 159 128
157 129 159 131
157 135 158 139
157 143 157 151
157 152 158 157
157 158 168 158
157 160 165 160
157 162 157 169
157 170 160 172
157 194 168 194
157 195 165 195
157 206 166 206
157 220 165 220
157 222 157 230
157 231 160 233
157 235 160 236
157 241 164 241
158 9 160 12
158 30 165 30
158 40 159 45
158 53 159 58
158 69 163 70
158 71 162 72
158 82 169 82
158 93 159 97
158 106 160 108
158 112 159 116
158 119 161 121
158 141 158 149
158 150 162 151
158 162 159 167
158 168 161 169
158 173 159 176
158 184 163 185
158 187 161 189
158 199 159 202
158 204 166 204
158 210 162 211
158 222 158 229
158 230 165 230
159 7 168 7
159 13 160 16
159 23 167 23
159 27 162 29
159 31 161 34
159 47 160 52
159 75 164 76
159 78 162 80
159 85 163 86
159 98 162 100
159 101 163 102
159 103 166 103
159 109 162 111
159 135 160 139
159 141 160 146
159 147 161 149
159 152 160 157
159 159 166 159
159 161 166 161
159 177 166 177
159 179 162 180
159 186 170 186
159 190 162 191
159 222 162 224
159 225 160 229
160 0 171 0
160 19 162 21
160 36 167 36
160 40 161 45
160 53 161 58
160 62 164 63
160 64 164 65
160 67 169 67
160 83 163 84
160 93 161 97
160 104 168 104
160 105 170 105
160 112 162 115
160 116 171 116
160 125 161 130
160 131 169 131
160 162 161 167
160 173 161 176
160 178 168 178
160 183 168 183
160 199 165 200
160 202 169 202
160 205 167 205
160 221 169 221
161 5 164 6
161 9 162 14
161 15 166 16
161 25 165 26
161 47 162 52
161 68 172 68
161 106 163 108
161 117 168 117
161 122 172 122
161 132 164 133
161 135 162 139
161 141 162 146
161 152 162 157
161 170 164 172
161 192 166 193
161 208 166 209
161 214 164 215
161 218 165 219
161 225 162 229
161 231 163 233
161 235 162 240
161 246 169 246
162 8 169 8
162 22 169 22
162 31 164 34
162 40 164 43
162 44 164 46
162 53 163 58
162 59 173 59
162 87 165 88
162 90 173 90
162 93 163 97
162 119 164 121
162 125 163 130
162 134 169 134
162 147 164 149
162 162 163 167
162 168 167 169
162 174 165 176
162 182 170 182
162 187 164 189
162 197 172 197
162 216 172 216
162 244 169 244
163 3 171 3
163 9 164 14
163 19 166 21
163 27 165 29
163 47 165 50
163 51 168 52
163 61 171 61
163 66 173 66
163 71 165 74
163 78 165 80
163 98 165 100
163 109 164 114
163 115 172 115
163 135 164 139
163 141 164 146
163 150 163 157
163 179 174 179
163 190 167 191
163 210 165 213
163 217 170 217
163 222 163 229
163 234 164 239
163 240 172 240
164 37 167 39
164 53 165 58
164 60 173 60
164 69 167 70
164 83 166 86
164 93 166 96
164 97 172 97
164 101 168 102
164 106 167 108
164 123 164 130
164 150 164 157
164 162 165 167
164 180 167 181
164 184 168 185
164 203 171 203
164 222 165 227
164 228 169 229
164 231 168 232
164 249 172 249
165 1 176 1
165 4 168 6
165 9 166 14
165 31 167 34
165 40 166 45
165 46 174 46
165 62 167 65
165 75 168 76
165 81 174 81
165 92 173 92
165 109 166 114
165 119 169 120
165 123 166 128
165 129 168 130
165 132 170 133
165 135 165 145
165 146 165 153
165 154 167 157
165 170 167 173
165 187 168 189
165 198 176 198
165 201 176 201
165 214 169 215
165 233 166 238
165 239 172 239
165 241 174 241
166 24 167 29
166 30 173 30
166 47 168 50
166 53 167 58
166 71 168 74
166 77 168 80
166 87 170 88
166 98 171 99
166 100 176 100
166 135 166 144
166 145 167 150
166 151 168 153
166 162 167 167
166 174 169 176
166 195 177 195
166 199 171 200
166 207 176 207
166 210 168 213
166 218 169 220
166 222 167 227
166 230 175 230
166 245 176 245
167 9 167 18
167 19 169 21
167 35 177 35
167 40 168 45
167 83 169 86
167 89 174 89
167 93 168 96
167 103 175 103
167 109 168 114
167 121 178 121
167 123 169 126
167 127 171 128
167 135 167 142
167 143 171 144
167 159 169 161
167 177 175 177
167 192 172 193
167 196 178 196
167 204 175 204
167 206 177 206
167 208 170 209
167 233 168 238
167 242 174 242
167 248 177 248
168 9 168 18
168 23 169 28
168 29 175 29
168 31 170 34
168 36 170 39
168 53 169 58
168 62 170 65
168 69 172 70
168 106 171 108
168 135 169 140
168 141 172 142
168 145 169 150
168 154 170 157
168 162 168 170
168 171 170 173
168 180 178 180
168 181 179 181
168 190 171 191
168 205 176 205
168 222 169 227
168 243 176 243
169 2 180 2
169 4 170 7
169 9 171 12
169 13 177 13
169 14 172 16
169 18 176 18
169 40 170 45
169 47 170 52
169 71 169 78
169 79 172 80
169 91 176 91
169 93 170 96
169 101 174 102
169 104 177 104
169 110 171 113
169 114 176 114
169 117 172 118
169 129 173 130
169 151 171 153
169 158 178 158
169 162 170 167
169 168 172 170
169 178 179 178
169 183 172 185
169 187 171 189
169 194 179 194
169 210 170 213
169 231 170 236
169 237 172 238
169 247 180 247
170 8 177 8
170 19 170 26
170 27 174 28
170 53 171 58
170 71 171 76
170 77 173 78
170 82 171 86
170 119 174 120
170 123 171 126
170 131 178 131
170 134 171 139
170 145 171 150
170 159 173 161
170 174 175 175
170 176 180 176
170 202 177 202
170 214 173 215
170 218 171 223
170 224 172 227
170 228 174 229
170 244 177 244
170 246 180 246
171 4 172 7
171 19 172 24
171 25 178 25
171 31 173 34
171 36 171 43
171 44 175 45
171 47 172 52
171 62 173 65
171 87 175 88
171 93 173 96
171 105 182 105
171 132 174 133
171 154 172 157
171 162 172 167
171 171 173 173
171 182 178 182
171 186 178 186
171 208 172 213
171 217 180 217
171 231 172 236
172 0 180 0
172 3 182 3
172 9 174 12
172 26 183 26
172 36 173 41
172 42 176 43
172 53 173 58
172 61 179 61
172 71 175 73
172 74 175 76
172 82 173 86
172 98 176 99
172 106 172 113
172 116 179 116
172 123 173 128
172 134 173 139
172 143 172 151
172 152 176 153
172 187 173 191
172 199 175 200
172 218 173 223
173 4 175 7
173 14 175 17
173 19 176 21
173 22 175 24
173 47 174 52
173 67 175 70
173 80 183 80
173 97 180 97
173 106 174 111
173 112 177 113
173 115 180 115
173 117 181 117
173 118 182 118
173 122 184 122
173 140 173 147
173 148 176 150
173 151 182 151
173 154 175 157
173 162 173 169
173 183 177 184
173 192 178 193
173 208 174 213
173 216 180 216
173 224 181 224
173 226 183 226
173 231 173 240
173 249 182 249
174 30 175 34
174 36 175 41
174 53 174 60
174 62 175 66
174 77 177 79
174 82 175 86
174 90 181 90
174 92 175 96
174 123 174 130
174 134 174 145
174 146 177 147
174 159 174 167
174 168 175 173
174 185 185 185
174 187 176 190
174 191 183 191
174 214 178 215
174 218 175 223
174 231 175 236
174 237 176 240
175 9 176 12
175 27 178 28
175 46 175 54
175 55 176 60
175 81 183 81
175 89 182 89
175 101 178 102
175 106 176 111
175 119 179 120
175 123 176 128
175 129 180 130
175 132 175 140
175 141 176 145
175 159 176 164
175 165 178 167
175 179 182 179
175 208 176 213
175 227 179 228
175 229 184 229
175 241 179 242
176 4 178 7
176 14 177 17
176 22 179 24
176 29 177 34
176 36 177 41
176 44 177 49
176 50 177 54
176 62 176 71
176 72 177 76
176 82 177 87
176 92 178 95
176 96 184 96
176 103 186 103
176 132 176 139
176 154 179 156
176 157 183 157
176 168 178 171
176 172 178 175
176 177 186 177
176 199 180 200
176 203 181 204
176 218 177 223
176 230 177 235
176 236 185 236
177 9 179 12
177 18 178 21
177 42 181 43
177 55 178 60
177 62 177 70
177 71 185 71
177 91 186 91
177 98 185 98
177 99 188 99
177 100 185 100
177 106 180 108
177 110 185 110
177 111 188 111
177 114 184 114
177 123 178 128
177 132 177 140
177 141 178 145
177 148 179 150
177 152 186 152
177 159 180 161
177 162 180 164
177 187 179 190
177 197 182 198
177 201 185 201
177 205 185 205
177 207 178 212
177 213 185 213
177 237 179 240
177 243 185 243
178 1 189 1
178 8 185 8
178 13 179 17
178 29 178 36
178 37 179 41
178 44 178 54
178 62 180 65
178 66 179 70
178 72 178 79
178 82 179 87
178 104 185 104
178 109 189 109
178 112 182 113
178 132 178 139
178 146 183 147
178 153 189 153
178 183 182 184
178 195 185 195
178 202 187 202
178 206 185 206
178 218 179 223
178 230 179 235
178 245 189 245
178 248 187 248
179 4 180 7
179 18 181 21
179 27 179 34
179 35 183 36
179 44 179 52
179 53 184 54
179 55 180 60
179 72 180 77
179 78 183 79
179 92 181 95
179 101 184 102
179 121 188 121
179 123 180 128
179 131 179 139
179 140 180 145
179 165 179 173
179 174 183 175
179 180 186 180
179 182 188 182
179 186 186 186
179 192 182 193
179 196 186 196
179 207 180 212
179 214 183 215
180 9 181 14
180 15 183 17
180 22 182 25
180 27 180 34
180 37 181 41
180 44 180 51
180 61 187 61
180 66 181 70
180 82 181 87
180 116 189 116
180 119 184 120
180 131 181 136
180 137 183 139
180 148 182 150
180 154 183 156
180 165 181 170
180 171 182 173
180 178 191 178
180 181 190 181
180 187 183 189
180 190 187 190
180 218 181 223
180 227 185 228
180 230 181 235
180 237 181 242
181 0 191 0
181 4 183 7
181 27 181 34
181 44 192 44
181 45 186 46
181 48 190 48
181 49 186 50
181 51 192 51
181 55 182 60
181 62 183 65
181 72 182 77
181 97 188 97
181 106 183 108
181 115 188 115
181 123 182 128
181 129 184 130
181 140 182 145
181 158 182 163
181 164 188 164
181 176 190 176
181 199 184 200
181 207 182 212
181 216 186 217
181 244 192 244
181 246 185 247
182 9 183 14
182 18 184 21
182 27 183 32
182 33 186 34
182 37 183 42
182 43 190 43
182 66 185 68
182 69 192 69
182 82 183 87
182 88 193 88
182 90 192 90
182 92 184 95
182 117 191 117
182 131 183 136
182 165 183 170
182 203 185 204
182 218 182 225
182 230 184 233
182 234 187 235
182 237 183 242
183 2 187 3
183 22 186 24
183 25 192 25
183 55 184 60
183 70 194 70
183 72 184 77
183 89 191 89
183 105 190 105
183 112 187 113
183 118 194 118
183 123 184 128
183 140 184 145
183 148 185 151
183 158 184 163
183 171 185 173
183 179 192 179
183 183 186 184
183 192 185 194
183 197 186 198
183 207 184 212
183 218 183 225
183 249 192 249
184 4 187 6
184 7 194 7
184 9 185 14
184 15 187 17
184 26 185 31
184 32 192 32
184 35 184 42
184 52 195 52
184 62 187 64
184 78 185 83
184 84 188 85
184 86 195 86
184 106 187 108
184 131 187 133
184 134 185 139
184 146 187 147
184 154 186 157
184 165 187 167
184 168 189 169
184 170 191 170
184 174 189 175
184 187 186 189
184 214 188 215
184 218 184 225
184 237 185 242
185 18 186 21
185 35 185 42
185 47 196 47
185 53 185 60
185 72 186 77
185 87 196 87
185 92 187 95
185 96 194 96
185 101 189 102
185 119 188 120
185 122 185 130
185 140 186 145
185 158 187 161
185 162 189 163
185 199 190 200
185 207 186 212
185 218 187 221
185 222 188 224
185 225 196 225
185 226 196 226
185 229 186 233
186 8 187 13
186 14 193 14
186 26 187 31
186 35 187 40
186 41 190 42
186 53 187 58
186 59 196 59
186 60 194 60
186 65 188 68
186 71 193 71
186 78 187 83
186 110 197 110
186 122 186 130
186 134 188 137
186 138 189 139
186 148 187 151
186 171 197 171
186 172 190 173
186 185 193 185
186 191 187 195
186 201 197 201
186 203 188 206
186 213 195 213
186 227 191 228
186 236 187 241
186 242 190 243
186 246 189 247
187 18 188 23
187 33 190 34
187 45 196 45
187 46 195 46
187 49 190 50
187 72 188 77
187 91 196 91
187 103 191 104
187 114 198 114
187 122 187 129
187 130 194 130
187 140 188 145
187 152 194 152
187 154 188 157
187 177 194 177
187 180 195 180
187 183 191 184
187 186 189 189
187 196 189 198
187 207 188 212
187 216 191 217
187 229 188 233
188 2 199 2
188 3 191 5
188 6 196 6
188 8 189 13
188 15 191 17
188 26 189 31
188 35 189 40
188 53 189 58
188 61 189 64
188 78 189 83
188 92 190 95
188 106 190 108
188 112 191 113
188 122 189 127
188 128 192 129
188 131 191 133
188 146 189 151
188 158 190 161
188 165 193 166
188 190 189 195
188 202 197 202
188 218 190 221
188 234 189 239
188 240 191 241
188 248 195 248
189 18 190 23
189 65 192 67
189 72 190 77
189 84 193 85
189 97 191 100
189 115 197 115
189 119 192 121
189 136 194 137
189 140 190 145
189 154 190 157
189 164 196 164
189 182 196 182
189 203 189 210
189 211 194 212
189 214 194 215
189 222 192 224
189 229 191 232
189 233 196 233
190 8 192 11
190 12 193 13
190 26 191 31
190 35 193 37
190 38 193 40
190 53 191 58
190 61 193 63
190 64 199 64
190 78 191 83
190 101 194 102
190 109 197 109
190 116 197 116
190 122 191 127
190 138 194 139
190 146 191 151
190 153 199 153
190 162 194 163
190 167 193 169
190 174 195 175
190 186 190 195
190 196 192 198
190 203 190 210
190 234 193 236
190 237 199 237
190 239 197 239
190 245 193 247
191 18 192 23
191 33 194 34
191 41 193 43
191 48 193 50
191 72 194 74
191 75 193 77
191 92 193 95
191 105 194 107
191 134 196 135
191 140 192 145
191 154 192 159
191 161 198 161
191 172 196 173
191 181 198 181
191 186 192 191
191 192 193 195
191 199 195 200
191 203 191 210
191 218 193 221
191 242 199 242
192 0 196 1
192 3 194 5
192 15 194 17
192 26 193 31
192 53 193 58
192 78 193 83
192 103 195 104
192 111 194 113
192 122 193 127
192 131 194 133
192 146 193 151
192 170 199 170
192 178 199 178
192 183 196 184
192 203 194 206
192 207 194 210
192 216 195 217
192 227 193 232
192 240 196 241
193 8 195 11
193 18 194 23
193 24 196 25
193 65 194 69
193 89 197 90
193 119 195 121
193 140 194 145
193 154 194 159
193 186 194 191
193 196 196 198
193 222 195 224
194 12 196 14
194 26 195 31
194 35 195 40
194 41 199 42
194 43 197 44
194 48 196 51
194 53 195 58
194 61 196 63
194 75 194 85
194 92 196 95
194 122 199 123
194 126 196 129
194 146 195 151
194 165 195 169
194 192 196 195
194 218 196 221
194 227 195 232
194 234 196 236
194 243 195 247
195 3 198 5
195 15 195 23
195 32 197 34
195 65 195 72
195 73 195 81
195 84 199 85
195 99 198 101
195 105 197 108
195 111 197 113
195 130 197 133
195 136 195 145
195 155 198 157
195 158 199 159
195 176 198 177
195 185 196 190
195 203 196 208
195 209 197 212
195 214 198 215
196 7 198 10
196 17 197 22
196 26 197 31
196 35 197 40
196 52 198 55
196 56 198 58
196 65 196 73
196 74 196 83
196 102 198 104
196 117 199 119
196 136 197 141
196 143 197 148
196 165 197 169
196 174 199 175
196 216 199 217
196 222 198 224
196 227 197 232
196 243 197 248
197 11 198 16
197 45 198 50
197 59 198 63
197 65 198 70
197 71 197 80
197 91 198 96
197 124 198 129
197 162 199 164
197 182 197 190
197 191 197 199
197 203 198 208
197 218 199 221
197 233 199 236
198 21 199 26
198 27 198 34
198 35 199 40
198 71 198 82
198 105 199 110
198 130 198 140
198 141 199 146
198 147 199 152
198 182 198 191
198 192 198 199
198 209 199 213
198 225 198 232
198 243 199 248
199 3 199 13
199 44 199 55
199 65 199 72
199 86 199 94
199 124 199 132
199 186 199 197
199 198 199 205
199 222 199 231
